
Nbr.    Row 1  Row 2  Row 3  Row 4  Row 5  Row 6  Row 7  Row 8
--------------------------------------------------------------
1         1      5      8      6      3      7      2      4   v  
2         1      6      8      3      7      4      2      5     
3         2      4      6      8      3      1      7      5
4         2      5      7      1      3      8      6      4
5         2      5      7      4      1      8      6      3
6         2      6      1      7      4      8      3      5
7         2      6      8      3      1      4      7      5
8         2      7      3      6      8      5      1      4
9         2      7      5      8      1      4      6      3 
10        3      5      2      8      1      7      4      6 
11        3      5      8      4      1      7      2      6
12        3      6      2      5      8      1      7      4


       8 |   |   |   | Q |   |   |   |   |
         ---------------------------------
       7 |   | Q |   |   |   |   |   |   |
         ---------------------------------
       6 |   |   |   |   |   |   | Q |   |
         ---------------------------------
       5 |   |   | Q |   |   |   |   |   |
Rows     ---------------------------------
       4 |   |   |   |   |   | Q |   |   |
         ---------------------------------
       3 |   |   |   |   |   |   |   | Q |
         ---------------------------------
       2 |   |   |   |   | Q |   |   |   |
         ---------------------------------
       1 | Q |   |   |   |   |   |   |   |
         ---------------------------------
           1   2   3   4   5   6   7   8
                   Columns
